(0, [(-1, 0); (2, 0); (4, 0); (3, 0)], [(0, 0); (-10, 0); (-8, 0); (5, 0)],
 [(2, 0); (-7, 0); (8, 0); (-1, 0)], None, None, None)
(1, [(2, 3); (3, 1); (1, -3); (2, -1)], [(-1, -1); (-7, 3); (-7, 1); (2, -3)],
 [(1, -1); (-4, 3); (5, -3); (0, 1)], None, None, None)
(2, [(5, 3); (1, -2); (1, 0); (1, -1)], [(-3, -2); (-2, 5); (-4, 3); (-4, -6)],
 [(-1, -2); (2, 6); (-1, -6); (2, 2)], None, None, None)
(3, [(5, 0); (0, -1); (2, 1); (1, 0)], [(-6, -3); (0, 2); (1, 5); (-8, -4)],
 [(-1, 0); (6, 4); (-5, -4); (2, 0)], None, None, None)
(4, [(2, -3); (2, 2); (2, 0); (2, 1)], [(-8, -2); (1, 1); (3, 2); (-9, -1)],
 [(0, 1); (7, 1); (-6, -1); (1, -1)], None, None, None)
(5, [(-1, -3); (4, 2); (2, 0); (3, 1)], [(-9, -1); (1, 0); (2, -1); (-7, 2)],
 [(2, 2); (5, -2); (-4, 2); (-1, -2)], None, None, None)
(6, [(-1, 0); (3, -1); (3, 1); (3, 0)], [(-7, 2); (0, -1); (-2, -4); (-4, 3)],
 [(3, 1); (0, -5); (1, 5); (-2, -1)], None, None, None)
(7, [(2, 3); (1, -2); (3, 0); (2, -1)], [(-2, 5); (-4, -4); (-7, -5); (0, 4)],
 [(1, -2); (-4, -4); (5, 4); (0, 2)], None, None, None)
(8, [(5, 3); (2, 1); (0, -3); (1, -1)], [(2, 4); (-7, -3); (-9, -2); (1, 1)],
 [(-2, -3); (-5, -1); (6, 1); (3, 3)], None, None, None)
(9, [(5, 0); (2, 0); (0, 0); (1, 0)], [(3, 1); (-9, -2); (-8, 1); (1, 0)],
 [(-4, -2); (-3, 2); (4, -2); (5, 2)], None, None, None)
(10, [(2, -3); (1, -1); (3, 3); (2, 1)], [(1, -2); (-8, 1); (-6, 2); (0, -1)],
 [(-3, 1); (0, 3); (1, -3); (4, -1)], None, None, None)
(11, [(-1, -3); (3, 2); (3, 0); (3, 1)], [(-4, -5); (-4, 4); (-3, 3); (-2, -2)],
 [(1, 4); (4, 4); (-3, -4); (0, -4)], None, None, None)
(12, [(-1, 0); (4, 1); (2, -1); (3, 0)], [(-7, -3); (2, 6); (-1, 2); (-7, -5)],
 [(4, 3); (5, 1); (-4, -1); (-3, -3)], None, None, None)
(13, [(2, 3); (2, -2); (2, 0); (2, -1)], [(-8, -1); (5, 3); (0, 1); (-10, -3)],
 [(6, 2); (3, -2); (-2, 2); (-5, -2)], None, None, None)
(14, [(5, 3); (0, -2); (2, 0); (1, -1)], [(-8, 0); (5, 0); (0, 0); (-10, 0)],
 [(5, -1); (0, -3); (1, 3); (-4, 1)], None, None, None)
(15, [(5, 0); (1, 1); (1, -1); (1, 0)], [(-7, 1); (2, -3); (-1, -1); (-7, 3)],
 [(1, -4); (-2, -2); (3, 2); (0, 4)], None, None, None)
(16, [(2, -3); (3, 2); (1, 0); (2, 1)], [(-4, 3); (-4, -6); (-3, -2); (-2, 5)],
 [(-4, -5); (-1, 1); (2, -1); (5, 5)], None, None, None)
(17, [(-1, -3); (2, -1); (4, 3); (3, 1)], [(1, 5); (-8, -4); (-6, -3); (0, 2)],
 [(-6, -2); (1, 2); (0, -2); (7, 2)], None, None, None)
(18, [(-1, 0); (2, 0); (4, 0); (3, 0)], [(3, 2); (-9, -1); (-8, -2); (1, 1)],
 [(-5, 1); (2, 1); (-1, -1); (6, -1)], Some 18, None, None)
(19, [(2, 3); (3, 1); (1, -3); (2, -1)], [(2, -1); (-7, 2); (-9, -1); (1, 0)],
 [(-1, 4); (2, 0); (-1, 0); (2, -4)], Some 18, None, None)
(20, [(5, 3); (1, -2); (1, 0); (1, -1)], [(-2, -4); (-4, 3); (-7, 2); (0, -1)],
 [(5, 6); (0, -2); (1, 2); (-4, -6)], Some 18, None, None)
(21, [(5, 0); (0, -1); (2, 1); (1, 0)], [(-7, -5); (0, 4); (-2, 5); (-4, -4)],
 [(8, 3); (-1, -1); (2, 1); (-7, -3)], Some 18, None, None)
(22, [(2, -3); (2, 2); (2, 0); (2, 1)], [(-9, -2); (1, 1); (2, 4); (-7, -3)],
 [(8, 0); (-1, 0); (2, 0); (-7, 0)], Some 18, None, None)
(23, [(-1, -3); (4, 2); (2, 0); (3, 1)], [(-8, 1); (1, 0); (3, 1); (-9, -2)],
 [(5, -3); (0, 1); (1, -1); (-4, 3)], Some 18, None, None)
(24, [(-1, 0); (3, -1); (3, 1); (3, 0)], [(-6, 2); (0, -1); (1, -2); (-8, 1)],
 [(-1, -6); (2, 2); (-1, -2); (2, 6)], Some 18, None, None)
(25, [(2, 3); (1, -2); (3, 0); (2, -1)], [(-3, 3); (-2, -2); (-4, -5); (-4, 4)],
 [(-5, -4); (2, 0); (-1, 0); (6, 4)], Some 18, None, None)
(26, [(5, 3); (2, 1); (0, -3); (1, -1)], [(-1, 2); (-7, -5); (-7, -3); (2, 6)],
 [(-6, -1); (1, -1); (0, 1); (7, 1)], Some 18, None, None)
(27, [(5, 0); (2, 0); (0, 0); (1, 0)], [(0, 1); (-10, -3); (-8, -1); (5, 3)],
 [(-4, 2); (-1, -2); (2, 2); (5, -2)], Some 18, None, None)
(28, [(2, -3); (1, -1); (3, 3); (2, 1)], [(0, 0); (-10, 0); (-8, 0); (5, 0)],
 [(1, 5); (-2, -1); (3, 1); (0, -5)], Some 18, Some 28, None)
(29, [(-1, -3); (3, 2); (3, 0); (3, 1)], [(-1, -1); (-7, 3); (-7, 1); (2, -3)],
 [(5, 4); (0, 2); (1, -2); (-4, -4)], Some 18, Some 28, None)
(30, [(-1, 0); (4, 1); (2, -1); (3, 0)], [(-3, -2); (-2, 5); (-4, 3); (-4, -6)],
 [(6, 1); (3, 3); (-2, -3); (-5, -1)], Some 18, Some 28, None)
(31, [(2, 3); (2, -2); (2, 0); (2, -1)], [(-6, -3); (0, 2); (1, 5); (-8, -4)],
 [(4, -2); (5, 2); (-4, -2); (-3, 2)], Some 18, Some 28, None)
(32, [(5, 3); (0, -2); (2, 0); (1, -1)], [(-8, -2); (1, 1); (3, 2); (-9, -1)],
 [(1, -3); (4, -1); (-3, 1); (0, 3)], Some 18, Some 28, None)
(33, [(5, 0); (1, 1); (1, -1); (1, 0)], [(-9, -1); (1, 0); (2, -1); (-7, 2)],
 [(-3, -4); (0, -4); (1, 4); (4, 4)], Some 18, Some 28, None)
(34, [(2, -3); (3, 2); (1, 0); (2, 1)], [(-7, 2); (0, -1); (-2, -4); (-4, 3)],
 [(-4, -1); (-3, -3); (4, 3); (5, 1)], Some 18, Some 28, None)
(35, [(-1, -3); (2, -1); (4, 3); (3, 1)], [(-2, 5); (-4, -4); (-7, -5); (0, 4)],
 [(-2, 2); (-5, -2); (6, 2); (3, -2)], Some 18, Some 28, None)
(36, [(-1, 0); (2, 0); (4, 0); (3, 0)], [(2, 4); (-7, -3); (-9, -2); (1, 1)],
 [(1, 3); (-4, 1); (5, -1); (0, -3)], Some 18, Some 28, None)
(37, [(2, 3); (3, 1); (1, -3); (2, -1)], [(3, 1); (-9, -2); (-8, 1); (1, 0)],
 [(3, 2); (0, 4); (1, -4); (-2, -2)], Some 18, Some 28, None)
(38, [(5, 3); (1, -2); (1, 0); (1, -1)], [(1, -2); (-8, 1); (-6, 2); (0, -1)],
 [(2, -1); (5, 5); (-4, -5); (-1, 1)], Some 18, Some 28, None)
(39, [(5, 0); (0, -1); (2, 1); (1, 0)], [(-4, -5); (-4, 4); (-3, 3); (-2, -2)],
 [(0, -2); (7, 2); (-6, -2); (1, 2)], Some 18, Some 28, None)
(40, [(2, -3); (2, 2); (2, 0); (2, 1)], [(-7, -3); (2, 6); (-1, 2); (-7, -5)],
 [(-1, -1); (6, -1); (-5, 1); (2, 1)], Some 18, Some 28, None)
(41, [(-1, -3); (4, 2); (2, 0); (3, 1)], [(-8, -1); (5, 3); (0, 1); (-10, -3)],
 [(-1, 0); (2, -4); (-1, 4); (2, 0)], Some 18, Some 28, None)
(42, [(-1, 0); (3, -1); (3, 1); (3, 0)], [(-8, 0); (5, 0); (0, 0); (-10, 0)],
 [(1, 2); (-4, -6); (5, 6); (0, -2)], Some 18, Some 28, None)
(43, [(2, 3); (1, -2); (3, 0); (2, -1)], [(-7, 1); (2, -3); (-1, -1); (-7, 3)],
 [(2, 1); (-7, -3); (8, 3); (-1, -1)], Some 18, Some 28, None)
(44, [(5, 3); (2, 1); (0, -3); (1, -1)], [(-4, 3); (-4, -6); (-3, -2); (-2, 5)],
 [(2, 0); (-7, 0); (8, 0); (-1, 0)], Some 18, Some 28, Some 44)
(45, [(5, 0); (2, 0); (0, 0); (1, 0)], [(1, 5); (-8, -4); (-6, -3); (0, 2)],
 [(1, -1); (-4, 3); (5, -3); (0, 1)], Some 18, Some 28, Some 44)
(46, [(2, -3); (1, -1); (3, 3); (2, 1)], [(3, 2); (-9, -1); (-8, -2); (1, 1)],
 [(-1, -2); (2, 6); (-1, -6); (2, 2)], Some 18, Some 28, Some 44)
(47, [(-1, -3); (3, 2); (3, 0); (3, 1)], [(2, -1); (-7, 2); (-9, -1); (1, 0)],
 [(-1, 0); (6, 4); (-5, -4); (2, 0)], Some 18, Some 28, Some 44)
(48, [(-1, 0); (4, 1); (2, -1); (3, 0)], [(-2, -4); (-4, 3); (-7, 2); (0, -1)],
 [(0, 1); (7, 1); (-6, -1); (1, -1)], Some 18, Some 28, Some 44)
(49, [(2, 3); (2, -2); (2, 0); (2, -1)], [(-7, -5); (0, 4); (-2, 5); (-4, -4)],
 [(2, 2); (5, -2); (-4, 2); (-1, -2)], Some 18, Some 28, Some 44)
(50, [(5, 3); (0, -2); (2, 0); (1, -1)], [(-9, -2); (1, 1); (2, 4); (-7, -3)],
 [(3, 1); (0, -5); (1, 5); (-2, -1)], Some 18, Some 28, Some 44)
(51, [(5, 0); (1, 1); (1, -1); (1, 0)], [(-8, 1); (1, 0); (3, 1); (-9, -2)],
 [(1, -2); (-4, -4); (5, 4); (0, 2)], Some 18, Some 28, Some 44)
(52, [(2, -3); (3, 2); (1, 0); (2, 1)], [(-6, 2); (0, -1); (1, -2); (-8, 1)],
 [(-2, -3); (-5, -1); (6, 1); (3, 3)], Some 18, Some 28, Some 44)
(53, [(-1, -3); (2, -1); (4, 3); (3, 1)], [(-3, 3); (-2, -2); (-4, -5); (-4, 4)],
 [(-4, -2); (-3, 2); (4, -2); (5, 2)], Some 18, Some 28, Some 44)
(54, [(-1, 0); (2, 0); (4, 0); (3, 0)], [(-1, 2); (-7, -5); (-7, -3); (2, 6)],
 [(-3, 1); (0, 3); (1, -3); (4, -1)], Some 18, Some 28, Some 44)
(55, [(2, 3); (3, 1); (1, -3); (2, -1)], [(0, 1); (-10, -3); (-8, -1); (5, 3)],
 [(1, 4); (4, 4); (-3, -4); (0, -4)], Some 18, Some 28, Some 44)
(56, [(5, 3); (1, -2); (1, 0); (1, -1)], [(0, 0); (-10, 0); (-8, 0); (5, 0)],
 [(4, 3); (5, 1); (-4, -1); (-3, -3)], Some 18, Some 28, Some 44)
(57, [(5, 0); (0, -1); (2, 1); (1, 0)], [(-1, -1); (-7, 3); (-7, 1); (2, -3)],
 [(6, 2); (3, -2); (-2, 2); (-5, -2)], Some 18, Some 28, Some 44)
(58, [(2, -3); (2, 2); (2, 0); (2, 1)], [(-3, -2); (-2, 5); (-4, 3); (-4, -6)],
 [(5, -1); (0, -3); (1, 3); (-4, 1)], Some 18, Some 28, Some 44)
(59, [(-1, -3); (4, 2); (2, 0); (3, 1)], [(-6, -3); (0, 2); (1, 5); (-8, -4)],
 [(1, -4); (-2, -2); (3, 2); (0, 4)], Some 18, Some 28, Some 44)
(60, [(-1, 0); (3, -1); (3, 1); (3, 0)], [(-8, -2); (1, 1); (3, 2); (-9, -1)],
 [(-4, -5); (-1, 1); (2, -1); (5, 5)], Some 18, Some 28, Some 44)
(61, [(2, 3); (1, -2); (3, 0); (2, -1)], [(-9, -1); (1, 0); (2, -1); (-7, 2)],
 [(-6, -2); (1, 2); (0, -2); (7, 2)], Some 18, Some 28, Some 44)
(62, [(5, 3); (2, 1); (0, -3); (1, -1)], [(-7, 2); (0, -1); (-2, -4); (-4, 3)],
 [(-5, 1); (2, 1); (-1, -1); (6, -1)], Some 18, Some 28, Some 44)
(63, [(5, 0); (2, 0); (0, 0); (1, 0)], [(-2, 5); (-4, -4); (-7, -5); (0, 4)],
 [(-1, 4); (2, 0); (-1, 0); (2, -4)], Some 18, Some 28, Some 44)
(64, [(2, -3); (1, -1); (3, 3); (2, 1)], [(2, 4); (-7, -3); (-9, -2); (1, 1)],
 [(5, 6); (0, -2); (1, 2); (-4, -6)], Some 18, Some 28, Some 44)
(65, [(-1, -3); (3, 2); (3, 0); (3, 1)], [(3, 1); (-9, -2); (-8, 1); (1, 0)],
 [(8, 3); (-1, -1); (2, 1); (-7, -3)], Some 18, Some 28, Some 44)
(66, [(-1, 0); (4, 1); (2, -1); (3, 0)], [(1, -2); (-8, 1); (-6, 2); (0, -1)],
 [(8, 0); (-1, 0); (2, 0); (-7, 0)], Some 18, Some 28, Some 44)
(67, [(2, 3); (2, -2); (2, 0); (2, -1)], [(-4, -5); (-4, 4); (-3, 3); (-2, -2)],
 [(5, -3); (0, 1); (1, -1); (-4, 3)], Some 18, Some 28, Some 44)
(68, [(5, 3); (0, -2); (2, 0); (1, -1)], [(-7, -3); (2, 6); (-1, 2); (-7, -5)],
 [(-1, -6); (2, 2); (-1, -2); (2, 6)], Some 18, Some 28, Some 44)
(69, [(5, 0); (1, 1); (1, -1); (1, 0)], [(-8, -1); (5, 3); (0, 1); (-10, -3)],
 [(-5, -4); (2, 0); (-1, 0); (6, 4)], Some 18, Some 28, Some 44)
(70, [(2, -3); (3, 2); (1, 0); (2, 1)], [(-8, 0); (5, 0); (0, 0); (-10, 0)],
 [(-6, -1); (1, -1); (0, 1); (7, 1)], Some 18, Some 28, Some 44)
(71, [(-1, -3); (2, -1); (4, 3); (3, 1)], [(-7, 1); (2, -3); (-1, -1); (-7, 3)],
 [(-4, 2); (-1, -2); (2, 2); (5, -2)], Some 18, Some 28, Some 44)
(72, [(-1, 0); (2, 0); (4, 0); (3, 0)], [(-4, 3); (-4, -6); (-3, -2); (-2, 5)],
 [(1, 5); (-2, -1); (3, 1); (0, -5)], Some 18, Some 28, Some 44)
(73, [(2, 3); (3, 1); (1, -3); (2, -1)], [(1, 5); (-8, -4); (-6, -3); (0, 2)],
 [(5, 4); (0, 2); (1, -2); (-4, -4)], Some 18, Some 28, Some 44)
(74, [(5, 3); (1, -2); (1, 0); (1, -1)], [(3, 2); (-9, -1); (-8, -2); (1, 1)],
 [(6, 1); (3, 3); (-2, -3); (-5, -1)], Some 18, Some 28, Some 44)
(75, [(5, 0); (0, -1); (2, 1); (1, 0)], [(2, -1); (-7, 2); (-9, -1); (1, 0)],
 [(4, -2); (5, 2); (-4, -2); (-3, 2)], Some 18, Some 28, Some 44)
(76, [(2, -3); (2, 2); (2, 0); (2, 1)], [(-2, -4); (-4, 3); (-7, 2); (0, -1)],
 [(1, -3); (4, -1); (-3, 1); (0, 3)], Some 18, Some 28, Some 44)
(77, [(-1, -3); (4, 2); (2, 0); (3, 1)], [(-7, -5); (0, 4); (-2, 5); (-4, -4)],
 [(-3, -4); (0, -4); (1, 4); (4, 4)], Some 18, Some 28, Some 44)
(78, [(-1, 0); (3, -1); (3, 1); (3, 0)], [(-9, -2); (1, 1); (2, 4); (-7, -3)],
 [(-4, -1); (-3, -3); (4, 3); (5, 1)], Some 18, Some 28, Some 44)
(79, [(2, 3); (1, -2); (3, 0); (2, -1)], [(-8, 1); (1, 0); (3, 1); (-9, -2)],
 [(-2, 2); (-5, -2); (6, 2); (3, -2)], Some 18, Some 28, Some 44)
(80, [(5, 3); (2, 1); (0, -3); (1, -1)], [(-6, 2); (0, -1); (1, -2); (-8, 1)],
 [(1, 3); (-4, 1); (5, -1); (0, -3)], Some 18, Some 28, Some 44)
(81, [(5, 0); (2, 0); (0, 0); (1, 0)], [(-3, 3); (-2, -2); (-4, -5); (-4, 4)],
 [(3, 2); (0, 4); (1, -4); (-2, -2)], Some 18, Some 28, Some 44)
(82, [(2, -3); (1, -1); (3, 3); (2, 1)], [(-1, 2); (-7, -5); (-7, -3); (2, 6)],
 [(2, -1); (5, 5); (-4, -5); (-1, 1)], Some 18, Some 28, Some 44)
(83, [(-1, -3); (3, 2); (3, 0); (3, 1)], [(0, 1); (-10, -3); (-8, -1); (5, 3)],
 [(0, -2); (7, 2); (-6, -2); (1, 2)], Some 18, Some 28, Some 44)
(84, [(-1, 0); (4, 1); (2, -1); (3, 0)], [(0, 0); (-10, 0); (-8, 0); (5, 0)],
 [(-1, -1); (6, -1); (-5, 1); (2, 1)], Some 18, Some 28, Some 44)
(85, [(2, 3); (2, -2); (2, 0); (2, -1)], [(-1, -1); (-7, 3); (-7, 1); (2, -3)],
 [(-1, 0); (2, -4); (-1, 4); (2, 0)], Some 18, Some 28, Some 44)
(86, [(5, 3); (0, -2); (2, 0); (1, -1)], [(-3, -2); (-2, 5); (-4, 3); (-4, -6)],
 [(1, 2); (-4, -6); (5, 6); (0, -2)], Some 18, Some 28, Some 44)
(87, [(5, 0); (1, 1); (1, -1); (1, 0)], [(-6, -3); (0, 2); (1, 5); (-8, -4)],
 [(2, 1); (-7, -3); (8, 3); (-1, -1)], Some 18, Some 28, Some 44)
(88, [(2, -3); (3, 2); (1, 0); (2, 1)], [(-8, -2); (1, 1); (3, 2); (-9, -1)],
 [(2, 0); (-7, 0); (8, 0); (-1, 0)], Some 18, Some 28, Some 44)
(89, [(-1, -3); (2, -1); (4, 3); (3, 1)], [(-9, -1); (1, 0); (2, -1); (-7, 2)],
 [(1, -1); (-4, 3); (5, -3); (0, 1)], Some 18, Some 28, Some 44)
(90, [(-1, 0); (2, 0); (4, 0); (3, 0)], [(-7, 2); (0, -1); (-2, -4); (-4, 3)],
 [(-1, -2); (2, 6); (-1, -6); (2, 2)], Some 18, Some 28, Some 44)
(91, [(2, 3); (3, 1); (1, -3); (2, -1)], [(-2, 5); (-4, -4); (-7, -5); (0, 4)],
 [(-1, 0); (6, 4); (-5, -4); (2, 0)], Some 18, Some 28, Some 44)
(92, [(5, 3); (1, -2); (1, 0); (1, -1)], [(2, 4); (-7, -3); (-9, -2); (1, 1)],
 [(0, 1); (7, 1); (-6, -1); (1, -1)], Some 18, Some 28, Some 44)
(93, [(5, 0); (0, -1); (2, 1); (1, 0)], [(3, 1); (-9, -2); (-8, 1); (1, 0)],
 [(2, 2); (5, -2); (-4, 2); (-1, -2)], Some 18, Some 28, Some 44)
(94, [(2, -3); (2, 2); (2, 0); (2, 1)], [(1, -2); (-8, 1); (-6, 2); (0, -1)],
 [(3, 1); (0, -5); (1, 5); (-2, -1)], Some 18, Some 28, Some 44)
(95, [(-1, -3); (4, 2); (2, 0); (3, 1)], [(-4, -5); (-4, 4); (-3, 3); (-2, -2)],
 [(1, -2); (-4, -4); (5, 4); (0, 2)], Some 18, Some 28, Some 44)
(96, [(-1, 0); (3, -1); (3, 1); (3, 0)], [(-7, -3); (2, 6); (-1, 2); (-7, -5)],
 [(-2, -3); (-5, -1); (6, 1); (3, 3)], Some 18, Some 28, Some 44)
(97, [(2, 3); (1, -2); (3, 0); (2, -1)], [(-8, -1); (5, 3); (0, 1); (-10, -3)],
 [(-4, -2); (-3, 2); (4, -2); (5, 2)], Some 18, Some 28, Some 44)
(98, [(5, 3); (2, 1); (0, -3); (1, -1)], [(-8, 0); (5, 0); (0, 0); (-10, 0)],
 [(-3, 1); (0, 3); (1, -3); (4, -1)], Some 18, Some 28, Some 44)
(99, [(5, 0); (2, 0); (0, 0); (1, 0)], [(-7, 1); (2, -3); (-1, -1); (-7, 3)],
 [(1, 4); (4, 4); (-3, -4); (0, -4)], Some 18, Some 28, Some 44)
